------------------
ELM de 4 neurônios para base IRIS
Médias:
 Acerto: 77.0 (+-4.247003300803645)
 MSE: 0.23 (+-0.04247003300803642)

Todos acertos: [83.33333333333334, 76.66666666666667, 76.66666666666667, 80.0, 73.33333333333333, 80.0, 83.33333333333334, 73.33333333333333, 80.0, 73.33333333333333, 80.0, 73.33333333333333, 80.0, 80.0, 70.0, 80.0, 73.33333333333333, 80.0, 73.33333333333333, 80.0, 73.33333333333333, 80.0, 66.66666666666666, 76.66666666666667, 80.0, 70.0, 73.33333333333333, 83.33333333333334, 76.66666666666667, 80.0]
Todos erros: [0.16666666666666666, 0.23333333333333334, 0.23333333333333334, 0.2, 0.26666666666666666, 0.2, 0.16666666666666666, 0.26666666666666666, 0.2, 0.26666666666666666, 0.2, 0.26666666666666666, 0.2, 0.2, 0.3, 0.2, 0.26666666666666666, 0.2, 0.26666666666666666, 0.2, 0.26666666666666666, 0.2, 0.3333333333333333, 0.23333333333333334, 0.2, 0.3, 0.26666666666666666, 0.16666666666666666, 0.23333333333333334, 0.2]
------------------
------------------
ELM de 8 neurônios para base IRIS
Médias:
 Acerto: 94.77777777777779 (+-2.3856567281759906)
 MSE: 0.05222222222222224 (+-0.023856567281759878)

Todos acertos: [93.33333333333333, 93.33333333333333, 93.33333333333333, 96.66666666666667, 96.66666666666667, 93.33333333333333, 96.66666666666667, 96.66666666666667, 96.66666666666667, 93.33333333333333, 96.66666666666667, 86.66666666666667, 96.66666666666667, 93.33333333333333, 93.33333333333333, 93.33333333333333, 96.66666666666667, 96.66666666666667, 96.66666666666667, 93.33333333333333, 93.33333333333333, 96.66666666666667, 96.66666666666667, 96.66666666666667, 96.66666666666667, 96.66666666666667, 93.33333333333333, 93.33333333333333, 90.0, 96.66666666666667]
Todos erros: [0.06666666666666667, 0.06666666666666667, 0.06666666666666667, 0.03333333333333333, 0.03333333333333333, 0.06666666666666667, 0.03333333333333333, 0.03333333333333333, 0.03333333333333333, 0.06666666666666667, 0.03333333333333333, 0.13333333333333333, 0.03333333333333333, 0.06666666666666667, 0.06666666666666667, 0.06666666666666667, 0.03333333333333333, 0.03333333333333333, 0.03333333333333333, 0.06666666666666667, 0.06666666666666667, 0.03333333333333333, 0.03333333333333333, 0.03333333333333333, 0.03333333333333333, 0.03333333333333333, 0.06666666666666667, 0.06666666666666667, 0.1, 0.03333333333333333]
------------------
------------------
ELM de 16 neurônios para base IRIS
Médias:
 Acerto: 98.44444444444443 (+-1.6629588385661938)
 MSE: 0.015555555555555555 (+-0.01662958838566196)

Todos acertos: [100.0, 96.66666666666667, 100.0, 100.0, 100.0, 96.66666666666667, 100.0, 96.66666666666667, 96.66666666666667, 100.0, 100.0, 96.66666666666667, 100.0, 100.0, 96.66666666666667, 100.0, 100.0, 96.66666666666667, 96.66666666666667, 96.66666666666667, 96.66666666666667, 96.66666666666667, 100.0, 96.66666666666667, 96.66666666666667, 100.0, 96.66666666666667, 100.0, 100.0, 100.0]
Todos erros: [0.0, 0.03333333333333333, 0.0, 0.0, 0.0, 0.03333333333333333, 0.0, 0.03333333333333333, 0.03333333333333333, 0.0, 0.0, 0.03333333333333333, 0.0, 0.0, 0.03333333333333333, 0.0, 0.0, 0.03333333333333333, 0.03333333333333333, 0.03333333333333333, 0.03333333333333333, 0.03333333333333333, 0.0, 0.03333333333333333, 0.03333333333333333, 0.0, 0.03333333333333333, 0.0, 0.0, 0.0]
------------------
------------------
ELM de 32 neurônios para base IRIS
Médias:
 Acerto: 95.99999999999999 (+-2.638742686008428)
 MSE: 0.04000000000000001 (+-0.02638742686008426)

Todos acertos: [96.66666666666667, 96.66666666666667, 100.0, 93.33333333333333, 96.66666666666667, 93.33333333333333, 96.66666666666667, 96.66666666666667, 96.66666666666667, 93.33333333333333, 90.0, 100.0, 100.0, 96.66666666666667, 100.0, 93.33333333333333, 96.66666666666667, 100.0, 96.66666666666667, 93.33333333333333, 96.66666666666667, 93.33333333333333, 93.33333333333333, 93.33333333333333, 96.66666666666667, 96.66666666666667, 100.0, 93.33333333333333, 96.66666666666667, 93.33333333333333]
Todos erros: [0.03333333333333333, 0.03333333333333333, 0.0, 0.06666666666666667, 0.03333333333333333, 0.06666666666666667, 0.03333333333333333, 0.03333333333333333, 0.03333333333333333, 0.06666666666666667, 0.1, 0.0, 0.0, 0.03333333333333333, 0.0, 0.06666666666666667, 0.03333333333333333, 0.0, 0.03333333333333333, 0.06666666666666667, 0.03333333333333333, 0.06666666666666667, 0.06666666666666667, 0.06666666666666667, 0.03333333333333333, 0.03333333333333333, 0.0, 0.06666666666666667, 0.03333333333333333, 0.06666666666666667]
------------------
------------------
ELM de 64 neurônios para base IRIS
Médias:
 Acerto: 91.88888888888889 (+-2.3856567281759866)
 MSE: 0.08111111111111112 (+-0.023856567281759875)

Todos acertos: [86.66666666666667, 93.33333333333333, 93.33333333333333, 90.0, 93.33333333333333, 90.0, 90.0, 93.33333333333333, 93.33333333333333, 93.33333333333333, 93.33333333333333, 93.33333333333333, 90.0, 90.0, 93.33333333333333, 96.66666666666667, 93.33333333333333, 93.33333333333333, 93.33333333333333, 90.0, 93.33333333333333, 93.33333333333333, 93.33333333333333, 86.66666666666667, 96.66666666666667, 90.0, 90.0, 90.0, 90.0, 90.0]
Todos erros: [0.13333333333333333, 0.06666666666666667, 0.06666666666666667, 0.1, 0.06666666666666667, 0.1, 0.1, 0.06666666666666667, 0.06666666666666667, 0.06666666666666667, 0.06666666666666667, 0.06666666666666667, 0.1, 0.1, 0.06666666666666667, 0.03333333333333333, 0.06666666666666667, 0.06666666666666667, 0.06666666666666667, 0.1, 0.06666666666666667, 0.06666666666666667, 0.06666666666666667, 0.13333333333333333, 0.03333333333333333, 0.1, 0.1, 0.1, 0.1, 0.1]
------------------
