------------------
ELM de 4 neurônios para base WINE
Médias:
 Acerto: 75.27777777777779 (+-11.505724107712577)
 MSE: 0.34722222222222227 (+-0.23359222850537426)

Todos acertos: [75.0, 80.55555555555556, 55.55555555555556, 86.11111111111111, 80.55555555555556, 61.111111111111114, 77.77777777777779, 69.44444444444444, 77.77777777777779, 72.22222222222221, 58.333333333333336, 72.22222222222221, 75.0, 77.77777777777779, 86.11111111111111, 80.55555555555556, 86.11111111111111, 80.55555555555556, 77.77777777777779, 88.88888888888889, 75.0, 77.77777777777779, 72.22222222222221, 83.33333333333334, 83.33333333333334, 63.888888888888886, 33.33333333333333, 91.66666666666666, 83.33333333333334, 75.0]
Todos erros: [0.25, 0.19444444444444445, 0.7777777777777778, 0.1388888888888889, 0.19444444444444445, 0.4722222222222222, 0.2222222222222222, 0.4722222222222222, 0.2222222222222222, 0.3611111111111111, 0.6666666666666666, 0.2777777777777778, 0.25, 0.3888888888888889, 0.2222222222222222, 0.4444444444444444, 0.2222222222222222, 0.3611111111111111, 0.3888888888888889, 0.1111111111111111, 0.3333333333333333, 0.2222222222222222, 0.2777777777777778, 0.16666666666666666, 0.25, 0.9444444444444444, 1.0833333333333333, 0.08333333333333333, 0.16666666666666666, 0.25]
------------------
------------------
ELM de 8 neurônios para base WINE
Médias:
 Acerto: 91.48148148148148 (+-6.452315329697903)
 MSE: 0.0962962962962963 (+-0.08042241018743876)

Todos acertos: [86.11111111111111, 83.33333333333334, 97.22222222222221, 83.33333333333334, 94.44444444444444, 94.44444444444444, 91.66666666666666, 88.88888888888889, 97.22222222222221, 94.44444444444444, 100.0, 88.88888888888889, 75.0, 94.44444444444444, 88.88888888888889, 97.22222222222221, 88.88888888888889, 100.0, 94.44444444444444, 94.44444444444444, 86.11111111111111, 100.0, 91.66666666666666, 80.55555555555556, 77.77777777777779, 94.44444444444444, 94.44444444444444, 97.22222222222221, 91.66666666666666, 97.22222222222221]
Todos erros: [0.1388888888888889, 0.16666666666666666, 0.027777777777777776, 0.25, 0.05555555555555555, 0.05555555555555555, 0.08333333333333333, 0.1111111111111111, 0.027777777777777776, 0.05555555555555555, 0.0, 0.1111111111111111, 0.25, 0.05555555555555555, 0.1111111111111111, 0.027777777777777776, 0.1111111111111111, 0.0, 0.05555555555555555, 0.05555555555555555, 0.3055555555555556, 0.0, 0.16666666666666666, 0.19444444444444445, 0.2222222222222222, 0.05555555555555555, 0.05555555555555555, 0.027777777777777776, 0.08333333333333333, 0.027777777777777776]
------------------
------------------
ELM de 16 neurônios para base WINE
Médias:
 Acerto: 98.98148148148148 (+-1.6794775136312112)
 MSE: 0.010185185185185186 (+-0.016794775136312088)

Todos acertos: [97.22222222222221, 100.0, 100.0, 100.0, 97.22222222222221, 100.0, 100.0, 100.0, 97.22222222222221, 100.0, 97.22222222222221, 100.0, 97.22222222222221, 94.44444444444444, 100.0, 100.0, 100.0, 97.22222222222221, 100.0, 100.0, 97.22222222222221, 100.0, 100.0, 100.0, 100.0, 100.0, 94.44444444444444, 100.0, 100.0, 100.0]
Todos erros: [0.027777777777777776, 0.0, 0.0, 0.0, 0.027777777777777776, 0.0, 0.0, 0.0, 0.027777777777777776, 0.0, 0.027777777777777776, 0.0, 0.027777777777777776, 0.05555555555555555, 0.0, 0.0, 0.0, 0.027777777777777776, 0.0, 0.0, 0.027777777777777776, 0.0, 0.0, 0.0, 0.0, 0.0, 0.05555555555555555, 0.0, 0.0, 0.0]
------------------
------------------
ELM de 32 neurônios para base WINE
Médias:
 Acerto: 97.77777777777777 (+-1.8144368465060592)
 MSE: 0.022222222222222223 (+-0.018144368465060578)

Todos acertos: [97.22222222222221, 100.0, 94.44444444444444, 97.22222222222221, 100.0, 100.0, 97.22222222222221, 97.22222222222221, 97.22222222222221, 94.44444444444444, 97.22222222222221, 100.0, 97.22222222222221, 100.0, 94.44444444444444, 97.22222222222221, 97.22222222222221, 97.22222222222221, 97.22222222222221, 97.22222222222221, 97.22222222222221, 100.0, 100.0, 100.0, 97.22222222222221, 97.22222222222221, 100.0, 94.44444444444444, 97.22222222222221, 100.0]
Todos erros: [0.027777777777777776, 0.0, 0.05555555555555555, 0.027777777777777776, 0.0, 0.0, 0.027777777777777776, 0.027777777777777776, 0.027777777777777776, 0.05555555555555555, 0.027777777777777776, 0.0, 0.027777777777777776, 0.0, 0.05555555555555555, 0.027777777777777776, 0.027777777777777776, 0.027777777777777776, 0.027777777777777776, 0.027777777777777776, 0.027777777777777776, 0.0, 0.0, 0.0, 0.027777777777777776, 0.027777777777777776, 0.0, 0.05555555555555555, 0.027777777777777776, 0.0]
------------------
------------------
ELM de 64 neurônios para base WINE
Médias:
 Acerto: 96.38888888888889 (+-2.7916321169780263)
 MSE: 0.04444444444444443 (+-0.039674602380793615)

Todos acertos: [94.44444444444444, 91.66666666666666, 97.22222222222221, 100.0, 97.22222222222221, 94.44444444444444, 97.22222222222221, 100.0, 97.22222222222221, 100.0, 97.22222222222221, 94.44444444444444, 94.44444444444444, 97.22222222222221, 94.44444444444444, 94.44444444444444, 94.44444444444444, 88.88888888888889, 97.22222222222221, 100.0, 91.66666666666666, 94.44444444444444, 97.22222222222221, 97.22222222222221, 100.0, 100.0, 97.22222222222221, 94.44444444444444, 100.0, 97.22222222222221]
Todos erros: [0.05555555555555555, 0.08333333333333333, 0.027777777777777776, 0.0, 0.027777777777777776, 0.05555555555555555, 0.1111111111111111, 0.0, 0.027777777777777776, 0.0, 0.027777777777777776, 0.05555555555555555, 0.05555555555555555, 0.027777777777777776, 0.05555555555555555, 0.05555555555555555, 0.1388888888888889, 0.1111111111111111, 0.027777777777777776, 0.0, 0.08333333333333333, 0.1388888888888889, 0.027777777777777776, 0.027777777777777776, 0.0, 0.0, 0.027777777777777776, 0.05555555555555555, 0.0, 0.027777777777777776]
------------------
